0.4458 0.3527 0.7746 0.5908 0.4640 0.7084
0.4491 0.3551 0.7800 0.5945 0.4675 0.7131
0.4655 0.3667 0.8067 0.6135 0.4848 0.7375
0.4385 0.3475 0.7627 0.5823 0.4563 0.6975
0.3441 0.2805 0.6092 0.4734 0.3570 0.5577
0.4431 0.3508 0.7701 0.5876 0.4611 0.7042
0.4153 0.3310 0.7250 0.5556 0.4319 0.6633
0.3815 0.3071 0.6702 0.5166 0.3964 0.6131
0.4665 0.3674 0.8082 0.6146 0.4857 0.7389
0.4662 0.3672 0.8077 0.6142 0.4854 0.7384
0.4002 0.3203 0.7003 0.5381 0.4160 0.6408
0.4648 0.3662 0.8054 0.6126 0.4840 0.7364
0.4326 0.3433 0.7531 0.5755 0.4501 0.6888
0.3804 0.3063 0.6683 0.5152 0.3951 0.6114
0.4464 0.3530 0.7753 0.5914 0.4646 0.7092
0.5734 0.4432 0.9817 0.7377 0.5981 0.8969
0.5800 0.4478 0.9924 0.7453 0.6050 0.9066
0.5119 0.3997 0.8821 0.6670 0.5336 0.8061
0.5777 0.4463 0.9889 0.7427 0.6027 0.9033
0.3778 0.3044 0.6640 0.5122 0.3924 0.6076
0.5090 0.3976 0.8774 0.6636 0.5305 0.8018
0.4286 0.3405 0.7467 0.5709 0.4459 0.6828
0.4521 0.3572 0.7848 0.5980 0.4706 0.7176
0.6183 0.4750 1.0547 0.7894 0.6453 0.9632
0.4434 0.3510 0.7707 0.5880 0.4615 0.7047
0.4799 0.3769 0.8300 0.6301 0.4999 0.7588
0.4341 0.3444 0.7556 0.5773 0.4517 0.6910
0.4240 0.3373 0.7392 0.5656 0.4411 0.6761
0.4572 0.3608 0.7932 0.6039 0.4760 0.7251
0.5304 0.4128 0.9122 0.6882 0.5530 0.8335
0.4301 0.3416 0.7491 0.5726 0.4475 0.6851
0.4003 0.3204 0.7005 0.5382 0.4161 0.6409
0.4184 0.3332 0.7300 0.5591 0.4351 0.6677
0.4922 0.3857 0.8500 0.6442 0.5128 0.7769
0.3411 0.2783 0.6042 0.4698 0.3537 0.5532
0.5193 0.4048 0.8939 0.6755 0.5413 0.8170
0.4917 0.3852 0.8491 0.6436 0.5122 0.7761
0.4262 0.3388 0.7427 0.5681 0.4433 0.6792
0.4226 0.3363 0.7369 0.5640 0.4396 0.6740
0.4438 0.3513 0.7714 0.5884 0.4619 0.7053
0.2899 0.2418 0.5206 0.4106 0.2997 0.4774
0.4321 0.3430 0.7522 0.5749 0.4495 0.6879
0.5286 0.4115 0.9092 0.6862 0.5511 0.8308
0.4248 0.3378 0.7404 0.5665 0.4419 0.6772
0.4592 0.3623 0.7964 0.6062 0.4781 0.7281
0.3703 0.2990 0.6516 0.5035 0.3845 0.5965
0.6125 0.4709 1.0452 0.7827 0.6392 0.9546
0.4307 0.3420 0.7500 0.5734 0.4481 0.6860
0.4873 0.3821 0.8419 0.6385 0.5076 0.7696
0.5329 0.4146 0.9163 0.6911 0.5556 0.8370
0.4088 0.3264 0.7143 0.5480 0.4250 0.6535
0.3953 0.3168 0.6923 0.5324 0.4108 0.6335
0.5493 0.4261 0.9427 0.7100 0.5728 0.8613
0.4761 0.3742 0.8238 0.6256 0.4959 0.7531
0.4101 0.3274 0.7165 0.5495 0.4264 0.6554
0.5704 0.4411 0.9771 0.7344 0.5951 0.8926
0.4604 0.3630 0.7983 0.6076 0.4793 0.7298
0.5499 0.4266 0.9437 0.7107 0.5735 0.8622
0.4480 0.3543 0.7782 0.5932 0.4663 0.7115
0.5662 0.4382 0.9703 0.7295 0.5907 0.8863
0.4416 0.3497 0.7677 0.5859 0.4596 0.7021
0.4429 0.3506 0.7699 0.5875 0.4610 0.7041
0.4570 0.3606 0.7927 0.6037 0.4758 0.7249
0.5436 0.4220 0.9333 0.7034 0.5668 0.8529
0.4418 0.3498 0.7680 0.5861 0.4598 0.7023
0.4689 0.3691 0.8121 0.6173 0.4883 0.7424
0.4159 0.3315 0.7260 0.5563 0.4326 0.6641
0.4654 0.3667 0.8066 0.6134 0.4847 0.7373
0.4124 0.3290 0.7203 0.5522 0.4289 0.6588
0.4125 0.3290 0.7204 0.5523 0.4289 0.6589
0.4846 0.3803 0.8377 0.6355 0.5049 0.7657
0.4882 0.3828 0.8436 0.6397 0.5087 0.7711
0.4842 0.3800 0.8370 0.6350 0.5044 0.7651
0.6130 0.4713 1.0462 0.7834 0.6398 0.9555
0.4721 0.3714 0.8173 0.6211 0.4917 0.7472
0.3993 0.3197 0.6989 0.5371 0.4150 0.6394
0.4235 0.3369 0.7383 0.5650 0.4405 0.6752
0.4514 0.3567 0.7837 0.5972 0.4699 0.7166
0.4996 0.3909 0.8620 0.6527 0.5206 0.7878
0.5075 0.3965 0.8749 0.6619 0.5289 0.7996
0.4302 0.3417 0.7493 0.5728 0.4476 0.6852
0.3710 0.2996 0.6529 0.5044 0.3853 0.5975
0.3726 0.3007 0.6555 0.5063 0.3870 0.6000
0.2826 0.2366 0.5088 0.4023 0.2921 0.4666
0.4157 0.3314 0.7258 0.5561 0.4324 0.6638
0.4608 0.3633 0.7989 0.6080 0.4798 0.7305
0.4675 0.3681 0.8098 0.6158 0.4868 0.7404
0.4198 0.3343 0.7323 0.5608 0.4367 0.6698
0.4496 0.3554 0.7807 0.5951 0.4680 0.7139
0.4592 0.3623 0.7964 0.6062 0.4781 0.7281
0.4172 0.3324 0.7281 0.5577 0.4339 0.6659
0.4825 0.3788 0.8342 0.6331 0.5026 0.7627
0.4469 0.3534 0.7762 0.5919 0.4651 0.7099
0.5059 0.3954 0.8723 0.6601 0.5273 0.7973
0.5366 0.4171 0.9220 0.6954 0.5595 0.8426
0.5097 0.3980 0.8783 0.6643 0.5311 0.8027
0.5676 0.4391 0.9725 0.7311 0.5921 0.8884
0.3770 0.3038 0.6626 0.5113 0.3915 0.6064
0.3267 0.2682 0.5809 0.4533 0.3387 0.5320
0.3748 0.3022 0.6589 0.5087 0.3892 0.6031
0.2847 0.2382 0.5124 0.4047 0.2943 0.4697
0.5922 0.4565 1.0122 0.7593 0.6179 0.9247
0.4099 0.3273 0.7163 0.5493 0.4262 0.6552
0.4625 0.3645 0.8017 0.6099 0.4815 0.7329
0.4025 0.3219 0.7041 0.5407 0.4184 0.6441
0.3597 0.2915 0.6344 0.4913 0.3733 0.5808
0.1107 0.1144 0.2287 0.2035 0.1108 0.2119
0.4841 0.3799 0.8368 0.6349 0.5043 0.7650
0.4686 0.3689 0.8115 0.6170 0.4880 0.7420
0.4994 0.3908 0.8617 0.6525 0.5204 0.7876
0.4374 0.3468 0.7610 0.5811 0.4552 0.6959
0.4578 0.3612 0.7940 0.6045 0.4766 0.7260
0.6268 0.4811 1.0686 0.7992 0.6543 0.9758
0.3766 0.3036 0.6621 0.5109 0.3911 0.6059
0.4673 0.3680 0.8096 0.6156 0.4867 0.7402
0.3392 0.2770 0.6011 0.4677 0.3517 0.5504
0.4104 0.3276 0.7170 0.5499 0.4267 0.6558
0.5829 0.4500 0.9975 0.7488 0.6082 0.9110
0.4861 0.3813 0.8401 0.6372 0.5064 0.7680
0.2578 0.2190 0.4683 0.3736 0.2659 0.4300
0.4180 0.3330 0.7293 0.5586 0.4347 0.6671
0.4424 0.3504 0.7693 0.5869 0.4605 0.7033
0.4522 0.3572 0.7849 0.5982 0.4708 0.7178
0.4327 0.3435 0.7534 0.5757 0.4503 0.6890
0.3964 0.3176 0.6941 0.5337 0.4120 0.6351
0.4509 0.3563 0.7828 0.5966 0.4694 0.7158
0.3536 0.2873 0.6248 0.4844 0.3670 0.5718
0.5072 0.3962 0.8743 0.6615 0.5285 0.7991
0.4583 0.3616 0.7949 0.6051 0.4771 0.7267
0.5146 0.4015 0.8863 0.6700 0.5363 0.8100
0.4494 0.3553 0.7804 0.5949 0.4678 0.7136
0.5544 0.4298 0.9510 0.7159 0.5782 0.8689
0.3494 0.2843 0.6178 0.4795 0.3626 0.5656
0.4661 0.3671 0.8075 0.6142 0.4854 0.7384
0.4473 0.3535 0.7766 0.5924 0.4655 0.7106
0.4988 0.3904 0.8608 0.6519 0.5198 0.7868
0.4785 0.3758 0.8275 0.6284 0.4983 0.7566
0.1975 0.1763 0.3705 0.3039 0.2024 0.3405
0.2798 0.2348 0.5045 0.3991 0.2892 0.4625
0.4179 0.3329 0.7293 0.5586 0.4347 0.6671
0.5777 0.4463 0.9889 0.7427 0.6027 0.9033
0.3388 0.2767 0.6005 0.4672 0.3513 0.5498
0.4506 0.3562 0.7825 0.5963 0.4691 0.7154
0.5881 0.4536 1.0057 0.7548 0.6137 0.9188
0.3734 0.3013 0.6568 0.5073 0.3878 0.6012
0.4232 0.3367 0.7379 0.5647 0.4403 0.6749
0.4533 0.3580 0.7867 0.5993 0.4719 0.7193
0.5809 0.4485 0.9939 0.7464 0.6060 0.9080
0.2885 0.2410 0.5187 0.4092 0.2984 0.4754
0.5003 0.3914 0.8631 0.6535 0.5213 0.7889
0.4240 0.3372 0.7391 0.5656 0.4411 0.6760
0.4258 0.3385 0.7421 0.5677 0.4430 0.6787
0.4971 0.3891 0.8580 0.6499 0.5179 0.7841
0.4907 0.3845 0.8473 0.6425 0.5112 0.7747
0.4479 0.3542 0.7780 0.5931 0.4662 0.7114
0.4409 0.3492 0.7666 0.5851 0.4588 0.7010
0.3940 0.3159 0.6903 0.5309 0.4094 0.6316
0.5027 0.3931 0.8671 0.6564 0.5239 0.7925
0.5370 0.4174 0.9228 0.6959 0.5599 0.8432
0.5681 0.4395 0.9734 0.7317 0.5926 0.8891
0.4501 0.3558 0.7816 0.5958 0.4686 0.7147
0.6149 0.4726 1.0491 0.7855 0.6417 0.9582
0.5070 0.3960 0.8738 0.6612 0.5283 0.7989
0.4292 0.3409 0.7476 0.5716 0.4465 0.6837
0.2766 0.2325 0.4992 0.3954 0.2858 0.4577
0.4297 0.3413 0.7483 0.5722 0.4471 0.6845
0.4888 0.3832 0.8445 0.6403 0.5092 0.7719
0.4200 0.3344 0.7326 0.5609 0.4368 0.6701
0.4686 0.3689 0.8116 0.6170 0.4879 0.7420
0.4497 0.3554 0.7806 0.5952 0.4681 0.7140
0.5494 0.4262 0.9429 0.7101 0.5730 0.8615
0.3439 0.2803 0.6088 0.4732 0.3568 0.5575
0.4051 0.3237 0.7083 0.5438 0.4211 0.6481
0.4261 0.3387 0.7425 0.5680 0.4432 0.6791
0.3971 0.3182 0.6955 0.5346 0.4128 0.6362
0.4574 0.3609 0.7934 0.6041 0.4762 0.7254
0.4283 0.3403 0.7462 0.5705 0.4455 0.6823
0.4298 0.3414 0.7486 0.5723 0.4472 0.6846
0.3478 0.2831 0.6152 0.4777 0.3609 0.5632
0.3285 0.2694 0.5839 0.4554 0.3406 0.5346
0.4978 0.3897 0.8592 0.6507 0.5187 0.7852
0.5228 0.4074 0.8999 0.6796 0.5450 0.8222
0.4472 0.3537 0.7768 0.5923 0.4654 0.7103
0.4415 0.3496 0.7675 0.5858 0.4595 0.7019
0.4091 0.3266 0.7148 0.5483 0.4253 0.6539
0.4417 0.3498 0.7680 0.5860 0.4597 0.7022
0.3838 0.3088 0.6740 0.5193 0.3988 0.6165
0.5472 0.4247 0.9393 0.7076 0.5706 0.8582
0.4218 0.3357 0.7356 0.5631 0.4388 0.6728
0.3898 0.3129 0.6835 0.5261 0.4050 0.6253
0.4166 0.3320 0.7271 0.5571 0.4333 0.6651
0.4105 0.3277 0.7173 0.5500 0.4269 0.6561
0.4198 0.3342 0.7322 0.5607 0.4366 0.6698
0.4065 0.3248 0.7106 0.5454 0.4226 0.6502
0.4432 0.3509 0.7704 0.5878 0.4613 0.7045
0.4438 0.3513 0.7714 0.5885 0.4619 0.7054
0.4392 0.3481 0.7639 0.5832 0.4571 0.6985
0.4776 0.3752 0.8262 0.6274 0.4974 0.7553
0.4829 0.3790 0.8347 0.6335 0.5030 0.7631
0.3768 0.3037 0.6623 0.5111 0.3914 0.6061
0.4669 0.3677 0.8090 0.6151 0.4862 0.7396
0.5093 0.3978 0.8779 0.6640 0.5308 0.8022
0.4337 0.3441 0.7550 0.5768 0.4513 0.6903
0.4456 0.3525 0.7742 0.5904 0.4637 0.7079
0.4989 0.3904 0.8609 0.6520 0.5198 0.7868
0.5680 0.4394 0.9730 0.7315 0.5925 0.8889
0.5694 0.4405 0.9755 0.7332 0.5940 0.8911
0.4553 0.3594 0.7900 0.6017 0.4740 0.7224
0.4903 0.3843 0.8470 0.6421 0.5108 0.7742
0.4459 0.3528 0.7749 0.5909 0.4642 0.7085
0.4589 0.3620 0.7959 0.6059 0.4778 0.7277
0.4687 0.3689 0.8117 0.6171 0.4881 0.7422
0.5366 0.4172 0.9222 0.6954 0.5595 0.8425
0.4539 0.3585 0.7878 0.6002 0.4726 0.7204
0.5172 0.4034 0.8906 0.6731 0.5391 0.8140
0.5744 0.4439 0.9834 0.7389 0.5992 0.8985
0.4827 0.3788 0.8344 0.6332 0.5028 0.7628
0.4632 0.3650 0.8028 0.6108 0.4823 0.7340
0.5574 0.4319 0.9559 0.7194 0.5814 0.8733
0.4427 0.3505 0.7695 0.5871 0.4607 0.7037
0.3014 0.2502 0.5396 0.4240 0.3120 0.4944
0.3294 0.2700 0.5851 0.4563 0.3414 0.5359
0.6288 0.4825 1.0718 0.8015 0.6563 0.9787
0.3682 0.2976 0.6483 0.5011 0.3823 0.5934
0.5895 0.4546 1.0080 0.7562 0.6150 0.9207
0.4658 0.3669 0.8072 0.6138 0.4851 0.7379
0.4301 0.3416 0.7492 0.5727 0.4475 0.6851
0.6100 0.4691 1.0411 0.7798 0.6366 0.9510
0.4545 0.3589 0.7889 0.6008 0.4732 0.7212
0.4903 0.3843 0.8470 0.6420 0.5108 0.7741
0.4033 0.3225 0.7055 0.5417 0.4193 0.6454
0.4588 0.3620 0.7958 0.6058 0.4777 0.7275
0.4528 0.3577 0.7862 0.5989 0.4714 0.7186
0.7124 0.5416 1.2070 0.8973 0.7439 1.1018
0.4006 0.3206 0.7011 0.5385 0.4163 0.6413
0.4127 0.3291 0.7206 0.5525 0.4291 0.6592
0.4358 0.3456 0.7582 0.5792 0.4535 0.6934
0.4142 0.3303 0.7233 0.5543 0.4308 0.6616
0.5950 0.4585 1.0168 0.7626 0.6208 0.9288
0.4893 0.3836 0.8453 0.6410 0.5098 0.7727
0.4289 0.3408 0.7471 0.5713 0.4463 0.6833
0.4391 0.3479 0.7637 0.5830 0.4569 0.6983
0.4850 0.3805 0.8383 0.6360 0.5053 0.7663
0.4804 0.3773 0.8309 0.6306 0.5004 0.7595
0.4800 0.3770 0.8301 0.6302 0.5000 0.7589
0.4146 0.3304 0.7236 0.5546 0.4311 0.6621
0.4225 0.3362 0.7367 0.5638 0.4395 0.6738
0.5100 0.3983 0.8791 0.6648 0.5316 0.8033
