0.4536 0.3624 0.8019 0.6028 0.4811 0.7290
0.3901 0.3142 0.6961 0.5172 0.4134 0.6321
0.4022 0.3234 0.7163 0.5335 0.4263 0.6506
0.4199 0.3369 0.7459 0.5574 0.4452 0.6777
0.3692 0.2984 0.6614 0.4891 0.3911 0.6003
0.4108 0.3299 0.7305 0.5450 0.4354 0.6636
0.4133 0.3318 0.7346 0.5483 0.4381 0.6673
0.4142 0.3325 0.7361 0.5496 0.4391 0.6688
0.4198 0.3367 0.7455 0.5571 0.4450 0.6773
0.3838 0.3095 0.6857 0.5087 0.4067 0.6225
0.3791 0.3058 0.6777 0.5023 0.4016 0.6152
0.4694 0.3743 0.8281 0.6240 0.4980 0.7530
0.3993 0.3212 0.7114 0.5296 0.4232 0.6461
0.3340 0.2717 0.6026 0.4416 0.3536 0.5465
0.4808 0.3829 0.8470 0.6392 0.5101 0.7703
0.4605 0.3676 0.8132 0.6119 0.4885 0.7394
0.4325 0.3463 0.7666 0.5742 0.4586 0.6967
0.4213 0.3378 0.7479 0.5591 0.4467 0.6795
0.4222 0.3385 0.7494 0.5603 0.4476 0.6809
0.4335 0.3471 0.7683 0.5756 0.4597 0.6983
0.4621 0.3687 0.8156 0.6139 0.4902 0.7416
0.3869 0.3118 0.6907 0.5128 0.4099 0.6271
0.4385 0.3508 0.7764 0.5822 0.4650 0.7056
0.4404 0.3523 0.7797 0.5848 0.4671 0.7087
0.3958 0.3186 0.7056 0.5249 0.4195 0.6408
0.4461 0.3567 0.7893 0.5926 0.4732 0.7175
0.3790 0.3059 0.6778 0.5023 0.4016 0.6153
0.3939 0.3171 0.7024 0.5222 0.4174 0.6378
0.4485 0.3584 0.7931 0.5957 0.4756 0.7209
0.4810 0.3829 0.8465 0.6389 0.5101 0.7698
0.3982 0.3203 0.7095 0.5280 0.4220 0.6443
0.3949 0.3179 0.7041 0.5236 0.4185 0.6394
0.4169 0.3344 0.7404 0.5530 0.4419 0.6727
0.3978 0.3201 0.7089 0.5275 0.4216 0.6438
0.3901 0.3142 0.6959 0.5170 0.4134 0.6319
0.4466 0.3571 0.7903 0.5933 0.4737 0.7184
0.4844 0.3856 0.8527 0.6440 0.5140 0.7756
0.4296 0.3441 0.7617 0.5703 0.4555 0.6922
0.4015 0.3229 0.7150 0.5325 0.4255 0.6494
0.3838 0.3094 0.6855 0.5086 0.4066 0.6224
0.4168 0.3345 0.7407 0.5532 0.4419 0.6729
0.3769 0.3042 0.6740 0.4993 0.3993 0.6119
0.4642 0.3704 0.8193 0.6169 0.4924 0.7450
0.3935 0.3168 0.7016 0.5216 0.4170 0.6371
0.3590 0.2907 0.6445 0.4754 0.3803 0.5848
0.3309 0.2693 0.5973 0.4373 0.3502 0.5417
0.4557 0.3639 0.8049 0.6052 0.4833 0.7318
0.4164 0.3342 0.7399 0.5526 0.4415 0.6722
0.4050 0.3255 0.7208 0.5372 0.4292 0.6547
0.4049 0.3252 0.7199 0.5366 0.4290 0.6540
0.3813 0.3076 0.6815 0.5054 0.4040 0.6187
0.3745 0.3024 0.6700 0.4961 0.3968 0.6082
0.4672 0.3726 0.8243 0.6209 0.4956 0.7495
0.3863 0.3113 0.6897 0.5120 0.4093 0.6262
0.3926 0.3161 0.7002 0.5205 0.4160 0.6358
0.4630 0.3695 0.8175 0.6154 0.4912 0.7433
0.4001 0.3218 0.7125 0.5305 0.4240 0.6471
0.5120 0.4066 0.8989 0.6813 0.5434 0.8178
0.4153 0.3333 0.7379 0.5510 0.4403 0.6704
0.4674 0.3727 0.8243 0.6210 0.4957 0.7495
0.4118 0.3307 0.7323 0.5465 0.4366 0.6653
0.4289 0.3437 0.7610 0.5696 0.4548 0.6915
0.5137 0.4078 0.9015 0.6834 0.5452 0.8203
0.4104 0.3297 0.7301 0.5446 0.4352 0.6633
0.3891 0.3135 0.6947 0.5160 0.4123 0.6308
0.4504 0.3600 0.7965 0.5984 0.4777 0.7241
0.3915 0.3153 0.6984 0.5190 0.4149 0.6342
0.4091 0.3286 0.7275 0.5426 0.4336 0.6609
0.3989 0.3209 0.7106 0.5289 0.4227 0.6454
0.4269 0.3421 0.7572 0.5666 0.4526 0.6881
0.4258 0.3413 0.7556 0.5653 0.4515 0.6865
0.4415 0.3531 0.7815 0.5863 0.4682 0.7103
0.4704 0.3751 0.8297 0.6253 0.4990 0.7545
0.5098 0.4049 0.8950 0.6782 0.5411 0.8143
0.4677 0.3730 0.8250 0.6215 0.4962 0.7502
0.3914 0.3152 0.6982 0.5189 0.4147 0.6340
0.3395 0.2758 0.6116 0.4489 0.3594 0.5547
0.4074 0.3273 0.7248 0.5404 0.4318 0.6584
0.5304 0.4206 0.9295 0.7061 0.5631 0.8459
0.4353 0.3484 0.7711 0.5779 0.4615 0.7008
0.3957 0.3184 0.7053 0.5247 0.4193 0.6406
0.3407 0.2768 0.6138 0.4506 0.3607 0.5567
0.3678 0.2974 0.6592 0.4873 0.3896 0.5983
0.1880 0.1611 0.3598 0.2452 0.1980 0.3242
0.4135 0.3320 0.7352 0.5488 0.4384 0.6679
0.4435 0.3548 0.7853 0.5893 0.4704 0.7138
0.4207 0.3375 0.7472 0.5585 0.4461 0.6789
0.3782 0.3052 0.6762 0.5011 0.4007 0.6139
0.4748 0.3783 0.8368 0.6311 0.5037 0.7610
0.4067 0.3268 0.7236 0.5394 0.4310 0.6572
0.3977 0.3200 0.7089 0.5275 0.4216 0.6438
0.4228 0.3390 0.7504 0.5611 0.4482 0.6818
0.4109 0.3300 0.7307 0.5452 0.4356 0.6638
0.4816 0.3836 0.8485 0.6405 0.5110 0.7717
0.4508 0.3602 0.7971 0.5989 0.4782 0.7246
0.4295 0.3440 0.7615 0.5701 0.4554 0.6920
0.4702 0.3748 0.8290 0.6248 0.4987 0.7539
0.3444 0.2796 0.6200 0.4556 0.3647 0.5624
0.3312 0.2696 0.5983 0.4381 0.3506 0.5425
0.4204 0.3372 0.7465 0.5579 0.4457 0.6782
0.3868 0.3117 0.6906 0.5127 0.4099 0.6270
0.4700 0.3748 0.8290 0.6247 0.4986 0.7538
0.4711 0.3756 0.8310 0.6263 0.4998 0.7556
0.4038 0.3246 0.7189 0.5356 0.4280 0.6530
0.4276 0.3426 0.7585 0.5676 0.4534 0.6892
0.3815 0.3077 0.6817 0.5056 0.4042 0.6189
0.4068 0.3269 0.7239 0.5396 0.4312 0.6575
0.3717 0.3003 0.6654 0.4924 0.3938 0.6040
0.4746 0.3784 0.8371 0.6312 0.5036 0.7612
0.4291 0.3438 0.7610 0.5697 0.4550 0.6915
0.4189 0.3360 0.7439 0.5559 0.4441 0.6759
0.4384 0.3508 0.7762 0.5820 0.4648 0.7055
0.4329 0.3466 0.7670 0.5746 0.4590 0.6971
0.4076 0.3274 0.7249 0.5405 0.4320 0.6585
0.4541 0.3627 0.8026 0.6033 0.4816 0.7296
0.3910 0.3149 0.6975 0.5183 0.4144 0.6334
0.3856 0.3108 0.6885 0.5110 0.4085 0.6251
0.4550 0.3633 0.8038 0.6043 0.4825 0.7307
0.4388 0.3511 0.7771 0.5827 0.4653 0.7062
0.4947 0.3935 0.8701 0.6580 0.5250 0.7915
0.3797 0.3064 0.6789 0.5032 0.4023 0.6163
0.3853 0.3105 0.6878 0.5105 0.4082 0.6245
0.3246 0.2649 0.5883 0.4299 0.3438 0.5334
0.3979 0.3202 0.7091 0.5277 0.4217 0.6440
0.3879 0.3125 0.6924 0.5142 0.4111 0.6287
0.4216 0.3381 0.7485 0.5595 0.4469 0.6801
0.3945 0.3176 0.7033 0.5231 0.4181 0.6387
0.4524 0.3614 0.7996 0.6010 0.4798 0.7269
0.4196 0.3365 0.7451 0.5568 0.4448 0.6770
0.5181 0.4112 0.9090 0.6895 0.5499 0.8271
0.4216 0.3381 0.7485 0.5595 0.4470 0.6801
0.4343 0.3477 0.7695 0.5766 0.4605 0.6993
0.3346 0.2721 0.6035 0.4423 0.3542 0.5473
0.3859 0.3111 0.6892 0.5116 0.4090 0.6257
0.4806 0.3828 0.8468 0.6391 0.5099 0.7701
0.4519 0.3610 0.7986 0.6001 0.4793 0.7260
0.4777 0.3806 0.8417 0.6350 0.5069 0.7655
0.3427 0.2783 0.6171 0.4533 0.3629 0.5598
0.3296 0.2684 0.5954 0.4357 0.3489 0.5398
0.4166 0.3343 0.7402 0.5529 0.4417 0.6725
0.4437 0.3549 0.7853 0.5894 0.4706 0.7138
0.4296 0.3441 0.7616 0.5702 0.4555 0.6921
0.4504 0.3599 0.7964 0.5983 0.4777 0.7240
0.5229 0.4149 0.9171 0.6960 0.5550 0.8346
0.4867 0.3874 0.8567 0.6471 0.5164 0.7792
0.4239 0.3399 0.7525 0.5628 0.4495 0.6838
0.4020 0.3233 0.7159 0.5332 0.4261 0.6502
0.5044 0.4009 0.8864 0.6711 0.5353 0.8064
0.4560 0.3641 0.8057 0.6058 0.4836 0.7324
0.4222 0.3385 0.7493 0.5602 0.4476 0.6808
0.4369 0.3498 0.7742 0.5804 0.4634 0.7036
0.3454 0.2804 0.6218 0.4570 0.3657 0.5640
0.4627 0.3692 0.8167 0.6148 0.4908 0.7425
0.5098 0.4051 0.8959 0.6788 0.5412 0.8151
0.3970 0.3194 0.7072 0.5262 0.4207 0.6423
0.4331 0.3468 0.7678 0.5752 0.4593 0.6978
0.3876 0.3123 0.6920 0.5138 0.4107 0.6283
0.4166 0.3344 0.7404 0.5530 0.4417 0.6727
0.4634 0.3698 0.8182 0.6160 0.4916 0.7439
0.4071 0.3271 0.7243 0.5400 0.4315 0.6580
0.3953 0.3182 0.7048 0.5242 0.4190 0.6400
0.4750 0.3786 0.8374 0.6315 0.5040 0.7615
0.4722 0.3765 0.8328 0.6278 0.5010 0.7573
0.4200 0.3368 0.7455 0.5571 0.4452 0.6773
0.2719 0.2246 0.4993 0.3580 0.2873 0.4519
0.4179 0.3353 0.7426 0.5548 0.4431 0.6747
0.4359 0.3489 0.7723 0.5788 0.4622 0.7019
0.4310 0.3452 0.7641 0.5722 0.4570 0.6944
0.4398 0.3518 0.7785 0.5839 0.4663 0.7076
0.3888 0.3133 0.6939 0.5154 0.4120 0.6301
0.4355 0.3486 0.7713 0.5781 0.4618 0.7010
0.4816 0.3836 0.8485 0.6405 0.5110 0.7717
0.3793 0.3060 0.6781 0.5026 0.4019 0.6157
0.4002 0.3218 0.7128 0.5307 0.4241 0.6474
0.3907 0.3147 0.6970 0.5179 0.4140 0.6330
0.3925 0.3161 0.7001 0.5204 0.4160 0.6358
0.3749 0.3027 0.6706 0.4965 0.3972 0.6087
0.3696 0.2987 0.6618 0.4895 0.3915 0.6007
0.3498 0.2837 0.6290 0.4629 0.3704 0.5706
0.3989 0.3208 0.7104 0.5288 0.4227 0.6452
0.4399 0.3519 0.7787 0.5840 0.4664 0.7077
0.4621 0.3687 0.8156 0.6139 0.4901 0.7416
0.4148 0.3329 0.7372 0.5504 0.4397 0.6698
0.4710 0.3756 0.8309 0.6262 0.4997 0.7556
0.4008 0.3223 0.7139 0.5316 0.4248 0.6484
0.4059 0.3262 0.7223 0.5384 0.4303 0.6561
0.3475 0.2819 0.6248 0.4596 0.3679 0.5668
0.4918 0.3912 0.8651 0.6539 0.5218 0.7869
0.4184 0.3357 0.7432 0.5553 0.4436 0.6752
0.3811 0.3073 0.6809 0.5049 0.4037 0.6182
0.4157 0.3337 0.7388 0.5517 0.4407 0.6712
0.3923 0.3159 0.6996 0.5200 0.4157 0.6353
0.4220 0.3384 0.7491 0.5600 0.4474 0.6806
0.4033 0.3243 0.7183 0.5351 0.4276 0.6524
0.4239 0.3398 0.7523 0.5626 0.4494 0.6835
0.4920 0.3913 0.8652 0.6541 0.5220 0.7870
0.3933 0.3166 0.7013 0.5214 0.4167 0.6368
0.4234 0.3395 0.7516 0.5620 0.4490 0.6829
0.4494 0.3593 0.7951 0.5972 0.4768 0.7228
0.4221 0.3385 0.7494 0.5603 0.4475 0.6809
0.4436 0.3548 0.7851 0.5892 0.4704 0.7136
0.4507 0.3601 0.7966 0.5985 0.4779 0.7242
0.4570 0.3648 0.8071 0.6070 0.4847 0.7338
0.4237 0.3396 0.7518 0.5622 0.4491 0.6831
0.4210 0.3377 0.7475 0.5588 0.4464 0.6792
0.4751 0.3787 0.8377 0.6317 0.5041 0.7618
0.4324 0.3463 0.7665 0.5741 0.4585 0.6966
0.4692 0.3742 0.8277 0.6236 0.4978 0.7526
0.4308 0.3450 0.7636 0.5718 0.4568 0.6939
0.4127 0.3313 0.7335 0.5474 0.4374 0.6663
0.4026 0.3237 0.7168 0.5340 0.4267 0.6511
0.4433 0.3545 0.7844 0.5886 0.4701 0.7130
0.4459 0.3564 0.7885 0.5920 0.4728 0.7167
0.4428 0.3541 0.7836 0.5880 0.4696 0.7122
0.4719 0.3762 0.8322 0.6273 0.5006 0.7568
0.5075 0.4031 0.8913 0.6752 0.5386 0.8109
0.5177 0.4109 0.9086 0.6891 0.5495 0.8267
0.4350 0.3483 0.7709 0.5777 0.4613 0.7006
0.4679 0.3731 0.8253 0.6217 0.4963 0.7505
0.3982 0.3204 0.7096 0.5281 0.4221 0.6444
0.3021 0.2475 0.5496 0.3987 0.3195 0.4979
0.3713 0.3000 0.6648 0.4919 0.3933 0.6034
0.4440 0.3550 0.7855 0.5895 0.4708 0.7140
0.4361 0.3491 0.7726 0.5790 0.4624 0.7021
0.4416 0.3532 0.7817 0.5864 0.4683 0.7105
0.4108 0.3299 0.7304 0.5449 0.4354 0.6635
0.3963 0.3189 0.7064 0.5255 0.4201 0.6416
0.5162 0.4099 0.9063 0.6873 0.5480 0.8247
0.4314 0.3455 0.7647 0.5727 0.4574 0.6949
0.4430 0.3542 0.7837 0.5881 0.4697 0.7123
0.4045 0.3252 0.7201 0.5366 0.4288 0.6541
0.4020 0.3232 0.7157 0.5331 0.4260 0.6501
0.4189 0.3360 0.7439 0.5558 0.4441 0.6759
0.5100 0.4050 0.8955 0.6786 0.5413 0.8148
0.4418 0.3533 0.7819 0.5866 0.4685 0.7107
0.4565 0.3645 0.8066 0.6066 0.4842 0.7333
0.4217 0.3382 0.7486 0.5597 0.4471 0.6802
0.3487 0.2828 0.6269 0.4613 0.3692 0.5688
0.5411 0.4286 0.9473 0.7205 0.5745 0.8622
0.4403 0.3523 0.7798 0.5849 0.4670 0.7088
0.4291 0.3438 0.7610 0.5697 0.4550 0.6916
0.4252 0.3408 0.7544 0.5644 0.4508 0.6855
0.4179 0.3353 0.7423 0.5545 0.4430 0.6744
0.4116 0.3305 0.7319 0.5461 0.4364 0.6649
0.4473 0.3576 0.7914 0.5942 0.4744 0.7193
0.3898 0.3141 0.6960 0.5171 0.4132 0.6320
0.4266 0.3419 0.7568 0.5663 0.4523 0.6876
0.4621 0.3687 0.8158 0.6140 0.4901 0.7417
